108815
231446
377449
505347
652290
807206
963982
1116215
1255122
1457521
1607588
1736268
1884286
2081677
2230356
2353746
2551420
2741957
2906409
3064274
3271042
3332480
3510821
3710550
3911490
3957326
4155773
4392719
4547332
4788297
5012057
4983955
5248797
5461636
5695730
5802861
5972291
6225371
6367357
6660555
6619032
6701268
6874972
7148737
7360131
7633518
7776022
8163731
8090059
8253366
8280571
8463196
8702707
8927695
9095388
9383187
9504933
9555254
9823359
10143751
10204213
10394972
10650505
10462347
10704951
11191745
11319082
11519831
11788725
11883329
12044042
12171787
12381202
12217379
12663024
12956056
13317310
13046705
13379512
13492152
13799561
14043362
14551775
14266828
14325267
14669484
14632098
14961188
15292169
15522555
15512253
16070391
15852726
15818767
16089885
16608846
16657670
16760918
17057873
17591645
